--------------------------------------------------------------------------------------------------------------------------------
|        Код        |        От         |        По         |          Тариф           |    Коэффициент    |     Значение      |
--------------------------------------------------------------------------------------------------------------------------------
|                 1 |                51 |                60 |                    10,26 |              1,00 |             10,26 |
--------------------------------------------------------------------------------------------------------------------------------
|                 2 |                61 |                70 |                     6,17 |              1,00 |              6,17 |
--------------------------------------------------------------------------------------------------------------------------------
|                 3 |                71 |                80 |                     5,81 |              1,00 |              5,81 |
--------------------------------------------------------------------------------------------------------------------------------
|                 4 |                81 |                90 |                     5,58 |              1,00 |              5,58 |
--------------------------------------------------------------------------------------------------------------------------------
|                 5 |                91 |               149 |                     5,28 |              1,00 |              5,28 |
--------------------------------------------------------------------------------------------------------------------------------
|                 6 |               150 |               199 |                     5,01 |              1,00 |              5,01 |
--------------------------------------------------------------------------------------------------------------------------------
|                 7 |               200 |               249 |                     4,79 |              1,00 |              4,79 |
--------------------------------------------------------------------------------------------------------------------------------
|                 8 |               250 |               299 |                     4,71 |              1,00 |              4,71 |
--------------------------------------------------------------------------------------------------------------------------------
|                 9 |               300 |               400 |                     4,53 |              1,00 |              4,53 |
--------------------------------------------------------------------------------------------------------------------------------
|                10 |               401 |               500 |                     4,44 |              1,00 |              4,44 |
--------------------------------------------------------------------------------------------------------------------------------
|                11 |               500 |             10000 |                     4,32 |              1,00 |              4,32 |
--------------------------------------------------------------------------------------------------------------------------------
|                12 |                 1 |                10 |                   228,00 |              0,00 |            228,00 |
--------------------------------------------------------------------------------------------------------------------------------
|                13 |                11 |                11 |                   229,50 |              0,00 |            229,50 |
--------------------------------------------------------------------------------------------------------------------------------
|                14 |                12 |                12 |                   232,50 |              0,00 |            232,50 |
--------------------------------------------------------------------------------------------------------------------------------
|                15 |                13 |                13 |                   234,00 |              0,00 |            234,00 |
--------------------------------------------------------------------------------------------------------------------------------
|                16 |                14 |                14 |                   237,00 |              0,00 |            237,00 |
--------------------------------------------------------------------------------------------------------------------------------
|                17 |                15 |                15 |                   238,50 |              0,00 |            238,50 |
--------------------------------------------------------------------------------------------------------------------------------
|                18 |                16 |                16 |                   241,50 |              0,00 |            241,50 |
--------------------------------------------------------------------------------------------------------------------------------
|                19 |                17 |                17 |                   243,00 |              0,00 |            243,00 |
--------------------------------------------------------------------------------------------------------------------------------
|                20 |                18 |                18 |                   246,00 |              0,00 |            246,00 |
--------------------------------------------------------------------------------------------------------------------------------
|                21 |                19 |                19 |                   247,50 |              0,00 |            247,50 |
--------------------------------------------------------------------------------------------------------------------------------
|                22 |                20 |                20 |                   250,50 |              0,00 |            250,50 |
--------------------------------------------------------------------------------------------------------------------------------
|                23 |                21 |                21 |                   252,00 |              0,00 |            252,00 |
--------------------------------------------------------------------------------------------------------------------------------
|                24 |                22 |                22 |                   255,00 |              0,00 |            255,00 |
--------------------------------------------------------------------------------------------------------------------------------
|                25 |                23 |                23 |                   256,50 |              0,00 |            256,50 |
--------------------------------------------------------------------------------------------------------------------------------
|                26 |                24 |                24 |                   259,50 |              0,00 |            259,50 |
--------------------------------------------------------------------------------------------------------------------------------
|                27 |                25 |                25 |                   261,00 |              0,00 |            261,00 |
--------------------------------------------------------------------------------------------------------------------------------
|                28 |                26 |                26 |                   262,50 |              0,00 |            262,50 |
--------------------------------------------------------------------------------------------------------------------------------
|                29 |                27 |                27 |                   264,00 |              0,00 |            264,00 |
--------------------------------------------------------------------------------------------------------------------------------
|                30 |                28 |                28 |                   265,50 |              0,00 |            265,50 |
--------------------------------------------------------------------------------------------------------------------------------
|                31 |                29 |                29 |                   268,50 |              0,00 |            268,50 |
--------------------------------------------------------------------------------------------------------------------------------
|                32 |                30 |                30 |                   270,00 |              0,00 |            270,00 |
--------------------------------------------------------------------------------------------------------------------------------
|                33 |                31 |                31 |                   273,00 |              0,00 |            273,00 |
--------------------------------------------------------------------------------------------------------------------------------
|                34 |                32 |                32 |                   276,00 |              0,00 |            276,00 |
--------------------------------------------------------------------------------------------------------------------------------
|                35 |                33 |                33 |                   277,50 |              0,00 |            277,50 |
--------------------------------------------------------------------------------------------------------------------------------
|                36 |                34 |                34 |                   280,50 |              0,00 |            280,50 |
--------------------------------------------------------------------------------------------------------------------------------
|                37 |                35 |                35 |                   282,00 |              0,00 |            282,00 |
--------------------------------------------------------------------------------------------------------------------------------
|                38 |                36 |                36 |                   285,00 |              0,00 |            285,00 |
--------------------------------------------------------------------------------------------------------------------------------
|                39 |                37 |                37 |                   286,50 |              0,00 |            286,50 |
--------------------------------------------------------------------------------------------------------------------------------
|                40 |                38 |                38 |                   289,50 |              0,00 |            289,50 |
--------------------------------------------------------------------------------------------------------------------------------
|                41 |                39 |                39 |                   291,00 |              0,00 |            291,00 |
--------------------------------------------------------------------------------------------------------------------------------
|                42 |                40 |                40 |                   284,00 |              0,00 |            284,00 |
--------------------------------------------------------------------------------------------------------------------------------
|                43 |                41 |                41 |                   295,00 |              0,00 |            295,00 |
--------------------------------------------------------------------------------------------------------------------------------
|                44 |                42 |                42 |                   298,50 |              0,00 |            298,50 |
--------------------------------------------------------------------------------------------------------------------------------
|                45 |                43 |                43 |                   300,00 |              0,00 |            300,00 |
--------------------------------------------------------------------------------------------------------------------------------
|                46 |                44 |                44 |                   303,00 |              0,00 |            303,00 |
--------------------------------------------------------------------------------------------------------------------------------
|                47 |                45 |                45 |                   304,50 |              0,00 |            304,50 |
--------------------------------------------------------------------------------------------------------------------------------
|                48 |                46 |                46 |                   307,50 |              0,00 |            307,50 |
--------------------------------------------------------------------------------------------------------------------------------
|                49 |                47 |                47 |                   309,00 |              0,00 |            309,00 |
--------------------------------------------------------------------------------------------------------------------------------
|                50 |                48 |                48 |                   312,00 |              0,00 |            312,00 |
--------------------------------------------------------------------------------------------------------------------------------
|                51 |                49 |                49 |                   313,50 |              0,00 |            313,50 |
--------------------------------------------------------------------------------------------------------------------------------
|                52 |                50 |                50 |                   316,50 |              0,00 |            316,50 |
--------------------------------------------------------------------------------------------------------------------------------
